blocks m gputime
10 100 12743.9208984375
10 10 1369.821044921875
10 1 204.036834716796875
10 200 25971.111328125
10 300 38324.49609375
10 400 52250.625
1 100 11248.400390625
1 10 1209.60302734375
11 100 13745.1533203125
11 10 1400.238525390625
11 1 224.0793304443359375
11 200 27190.509765625
11 300 40909.609375
11 400 53756.07421875
1 1 161.9830474853515625
1 200 22560.41796875
12 100 14463.9384765625
12 10 1513.1236572265625
12 1 252.32275390625
12 200 28327.701171875
12 300 42752.3984375
12 400 55470.08984375
1 300 33466.07421875
13 100 15270.962890625
13 10 1605.537841796875
13 1 279.0364990234375
13 200 30681.83203125
13 300 45181.01171875
13 400 59687.64453125
1 400 46028.046875
14 100 17219.912109375
14 10 1881.25634765625
14 1 317.6650390625
14 200 32141.53515625
14 300 49612.77734375
14 400 66279.921875
15 100 26728.0234375
15 10 2747.787841796875
15 1 453.648468017578125
15 200 53197.83984375
15 300 84856.1796875
15 400 112391.84375
16 100 27198.630859375
16 10 2866.4208984375
16 1 460.756805419921875
16 200 55265.55078125
16 300 80730.671875
16 400 111307.90625
17 100 28395.3046875
17 10 3038.7080078125
17 1 455.140350341796875
17 200 53821.69140625
17 300 82270.1171875
17 400 107598.1171875
18 100 28239.041015625
18 10 2957.11474609375
18 1 458.011505126953125
18 200 54003.49609375
18 300 82633.5703125
18 400 108438.078125
19 100 28351.69140625
19 10 2911.470703125
19 1 466.458404541015625
19 200 55026.53125
19 300 83543.1796875
19 400 112262.984375
20 100 27636.1640625
20 10 2962.516845703125
20 1 467.039398193359375
20 200 56088.4375
20 300 84260.5234375
20 400 112959.125
2 100 11600.1728515625
2 10 1227.066162109375
21 100 28294.462890625
21 10 2973.594970703125
21 1 475.28204345703125
21 200 55699.40234375
21 300 83662.640625
21 400 113028.890625
2 1 167.874969482421875
2 200 23203.1875
22 100 27683.96875
22 10 3009.90185546875
22 1 492.264801025390625
22 200 55957.76171875
22 300 83250.078125
22 400 111117.1796875
2 300 34972.65625
23 100 29112.87890625
23 10 3155.089111328125
23 1 509.885101318359375
23 200 58592.03125
23 300 84119.15625
23 400 112865.1328125
2 400 45303.28125
24 100 28642.609375
24 10 3180.930419921875
24 1 515.18951416015625
24 200 58469.5
24 300 85355.7265625
24 400 115662.6328125
25 100 29631.572265625
25 10 3166.671875
25 1 537.40179443359375
25 200 57289.4375
25 300 89344.6953125
25 400 115419.0390625
26 100 30236.0625
26 10 3205.32470703125
26 1 555.97039794921875
26 200 58363.34765625
26 300 88297.8984375
26 400 117809
27 100 31641.90234375
27 10 3329.4755859375
27 1 588.33306884765625
27 200 61933.02734375
27 300 91894.1640625
27 400 125147.5859375
28 100 32112.009765625
28 10 3698.579833984375
28 1 620.9168701171875
28 200 66601.1015625
28 300 101094.3515625
28 400 127415.2265625
29 100 42019.7890625
29 10 4521.56591796875
29 1 722.09735107421875
29 200 83000.21875
29 300 125951.640625
29 400 164461.734375
30 100 42345.953125
30 10 4656.890625
30 1 731.58148193359375
30 200 84186.4609375
30 300 127663.3359375
30 400 169242.609375
3 100 11666.849609375
3 10 1169.3365478515625
31 100 43700.28125
31 10 4595.92431640625
31 1 735.2764892578125
31 200 84033.09375
31 300 131933.765625
31 400 170840.921875
3 1 164.1498565673828125
3 200 23147.919921875
32 100 43374.48046875
32 10 4622.63671875
32 1 760.26947021484375
32 200 86107.8828125
32 300 128806.625
32 400 169180.671875
3 300 35101.74609375
33 100 45098.51953125
33 10 4631.3330078125
33 1 783.156005859375
33 200 87917.84375
33 300 130168.4140625
33 400 172060.703125
3 400 46224.66796875
34 100 42742.84375
34 10 4677.5771484375
34 1 779.36383056640625
34 200 87790.4921875
34 300 130976.734375
34 400 175698.46875
35 100 43298.4375
35 10 4758.9931640625
35 1 780.16680908203125
35 200 86966.515625
35 300 129125.4296875
35 400 173520.78125
36 100 44456.3359375
36 10 4765.05126953125
36 1 794.65338134765625
36 200 89107.2265625
36 300 130110.5234375
36 400 176437.53125
37 100 43319.10546875
37 10 4774.0341796875
37 1 800.95709228515625
37 200 88463.3515625
37 300 132496.546875
37 400 175614.078125
38 100 44206.66796875
38 10 4809.20703125
38 1 816.73541259765625
38 200 86908.3828125
38 300 132882.71875
38 400 176864.53125
39 100 46056.23828125
39 10 4930.75537109375
39 1 840.73455810546875
39 200 90744.875
39 300 137067.828125
39 400 177143.640625
40 100 44967.5
40 10 4993.19873046875
40 1 870.6239013671875
40 200 90692.046875
40 300 134650.359375
40 400 189127.171875
4 100 11885.9326171875
4 10 1245.2664794921875
41 100 48267.23046875
41 10 5018.8125
41 1 911.52099609375
41 200 93708.15625
41 300 142952.671875
41 400 188722.359375
4 1 168.9338226318359375
4 200 23490.07421875
42 100 49182.5234375
42 10 5283.62109375
42 1 908.18060302734375
42 200 94831.40625
42 300 142781.09375
42 400 196782.4375
4 300 35092.828125
43 100 56924.94140625
43 10 6078.107421875
43 1 1021.95477294921875
43 200 116861.015625
43 300 173652.9375
43 400 224266.765625
4 400 46415.21875
44 100 58804.94140625
44 10 6367.0009765625
44 1 1040.298583984375
44 200 116571.625
44 300 173684.359375
44 400 231458.203125
45 100 58133.27734375
45 10 6235.91259765625
45 1 1023.46478271484375
45 200 116614.84375
45 300 172469.984375
45 400 232089.1875
46 100 59208.4921875
46 10 6260.62255859375
46 1 1044.359619140625
46 200 114874.890625
46 300 169529.59375
46 400 234540.640625
47 100 58725.60546875
47 10 6360.140625
47 1 1046.1492919921875
47 200 116958.9453125
47 300 174509.484375
47 400 229073.109375
48 100 58134.26953125
48 10 6397.63818359375
48 1 1051.1268310546875
48 200 117270.1015625
48 300 175429.203125
48 400 236987.375
49 100 59261.3125
49 10 6550.5322265625
49 1 1085.456298828125
49 200 116972.7421875
49 300 175346.25
49 400 239728.859375
50 100 58841.65234375
50 10 6536.17724609375
50 1 1084.77880859375
50 200 118038.3046875
50 300 174902.859375
50 400 240173.546875
5 100 11552.509765625
5 10 1202.5736083984375
51 100 59746.88671875
51 10 6772.802734375
51 1 1118.6881103515625
51 200 119958.7734375
51 300 180050.953125
51 400 237899.625
5 1 173.897186279296875
5 200 23799.2265625
52 100 59600.0859375
52 10 6569.02294921875
52 1 1128.2979736328125
52 200 122298.734375
52 300 182727.578125
52 400 237729.390625
5 300 35465.16015625
53 100 60363.4609375
53 10 6558.62646484375
53 1 1140.848876953125
53 200 125813.65625
53 300 185120.25
53 400 238890.328125
5 400 47493.56640625
54 100 62254.78125
54 10 6854.99267578125
54 1 1177.8740234375
54 200 125065.5546875
54 300 184354.953125
54 400 250318.078125
55 100 62652.51171875
55 10 6909.64892578125
55 1 1184.66357421875
55 200 123476.2109375
55 300 187838.125
55 400 251331.796875
56 100 67438.7421875
56 10 7044.3837890625
56 1 1211.8963623046875
56 200 127940.0078125
56 300 194175.390625
56 400 265670.5625
57 100 72160.640625
57 10 7810.67919921875
57 1 1312.9417724609375
57 200 144061.375
57 300 214721.40625
57 400 288865.5625
58 100 73133.1171875
58 10 7921.24169921875
58 1 1315.2027587890625
58 200 0
58 300 216854.5
58 400 297042.125
59 100 74339.265625
59 10 7901.6015625
59 1 1315.9384765625
59 200 148972.65625
59 300 220714.25
59 400 291036.1875
60 100 74158.5546875
60 10 7952.4169921875
60 1 1364.2266845703125
60 200 144560.515625
60 300 215487.453125
60 400 298023.84375
6 100 11753.4560546875
6 10 1240.4945068359375
61 100 75565.7734375
61 10 8005.89990234375
61 1 1344.35693359375
61 200 146910.609375
61 300 219696.140625
61 400 298516.90625
6 1 179.118682861328125
6 200 24152.583984375
62 100 74018.7578125
62 10 8185.78857421875
62 1 1373.9215087890625
62 200 148267.078125
62 300 225868.59375
62 400 303290.6875
6 300 35509.6875
63 100 76417.265625
63 10 8344.572265625
63 1 1395.2926025390625
63 200 152127.375
63 300 231665.859375
63 400 296575.625
6 400 48083.30859375
64 100 77597.21875
64 10 8355.1708984375
64 1 1444.148681640625
64 200 150819.03125
64 300 229667.3125
64 400 307667.875
65 100 76308.609375
65 10 8395.7431640625
65 1 1441.0809326171875
65 200 151011.46875
65 300 232010.375
65 400 297144.71875
66 100 77579.140625
66 10 8438.96484375
66 1 1412.2581787109375
66 200 153759.375
66 300 226189.296875
66 400 305797.5
67 100 79214.71875
67 10 8478.640625
67 1 1459.844970703125
67 200 155055.265625
67 300 230714.765625
67 400 308276.5625
68 100 79044.140625
68 10 8482.3447265625
68 1 1469.316650390625
68 200 153077.5625
68 300 231716.921875
68 400 303233
69 100 77857.671875
69 10 8462.0341796875
69 1 1476.0906982421875
69 200 155519.53125
69 300 235474.78125
69 400 311458.4375
70 100 80665.265625
70 10 8885.0107421875
70 1 1516.815185546875
70 200 162937.28125
70 300 244309.765625
70 400 315564.28125
7 100 12232.6376953125
7 10 1268.8441162109375
71 100 88145.03125
71 10 9425.3076171875
71 1 1564.47802734375
71 200 177550
71 300 262329.90625
71 400 346901.375
7 1 182.388580322265625
7 200 24633.458984375
72 100 86875.359375
72 10 9520.5556640625
72 1 1567.8162841796875
72 200 176757.359375
72 300 264843.78125
72 400 348351.96875
7 300 36210.35546875
73 100 88861.5
73 10 9727.4609375
73 1 1582.6075439453125
73 200 176704.1875
73 300 263981.78125
73 400 353474.96875
7 400 49691.5
74 100 87804.609375
74 10 9576.01171875
74 1 1605.56298828125
74 200 177462.171875
74 300 263280.8125
74 400 357329.40625
75 100 89600.1328125
75 10 9602.6083984375
75 1 1639.879638671875
75 200 176720.921875
75 300 266463.25
75 400 354134.59375
76 100 90294.6015625
76 10 9990.4140625
76 1 1629.9716796875
76 200 179615.453125
76 300 270127.21875
76 400 361022.40625
77 100 90365.4140625
77 10 9966.9375
77 1 1681.8258056640625
77 200 179298.34375
77 300 271571.0625
77 400 359957.9375
78 100 92693.953125
78 10 9985.0869140625
78 1 1709.90478515625
78 200 180458.953125
78 300 268167.59375
78 400 363136.34375
79 100 90700.578125
79 10 10107.326171875
79 1 1704.54638671875
79 200 185268.390625
79 300 274290.5
79 400 362985.125
80 100 93849.8984375
80 10 10081.84375
80 1 1732.997314453125
80 200 185368.8125
80 300 275087.125
80 400 365063.40625
8 100 12358.4765625
8 10 1287.66015625
81 100 93006.1015625
81 10 10020.896484375
81 1 1773.1536865234375
81 200 182685.65625
81 300 278331.6875
81 400 367151.84375
8 1 182.8935394287109375
8 200 24681.20703125
82 100 92973.375
82 10 10311.1201171875
82 1 1772.6715087890625
82 200 187007.5
82 300 277531.25
82 400 376897.3125
8 300 36089.3671875
83 100 94596.625
83 10 10321.693359375
83 1 1773.95703125
83 200 188205.328125
83 300 285818.78125
83 400 374856.59375
8 400 48938.1484375
84 100 96629.5078125
84 10 10551.5048828125
84 1 1812.96484375
84 200 191592.328125
84 300 282432.21875
84 400 382580.96875
85 100 101511.796875
85 10 10761.166015625
85 1 1831.6934814453125
85 200 205437.890625
85 300 303858.875
85 400 405977.90625
86 100 102515.15625
86 10 10813.1884765625
86 1 1836.36865234375
86 200 202632.375
86 300 309140.625
86 400 407887.65625
87 100 104353.1875
87 10 11197.15234375
87 1 1864.9222412109375
87 200 202625.375
87 300 307755.84375
87 400 411802.15625
88 100 103003.1640625
88 10 11395.3603515625
88 1 1885.4898681640625
88 200 205810.328125
88 300 305446.5
88 400 405507.96875
9 100 12396.56640625
9 10 1312.95068359375
9 1 190.310211181640625
9 200 25316.259765625
9 300 37723.671875
9 400 50352.57421875
