blocks m gputime
10 100 6360.3701171875
10 10 674.32598876953125
10 1 99.51801300048828125
10 200 12530.2490234375
10 300 19306.69140625
10 400 25664.447265625
1 100 5513.15576171875
1 10 611.8192138671875
11 100 6903.80908203125
11 10 704.86639404296875
11 1 108.83081817626953125
11 200 13520.2333984375
11 300 20733.1328125
11 400 27133.126953125
1 1 80.569091796875
1 200 11410.0732421875
12 100 7205.86962890625
12 10 739.82025146484375
12 1 123.04022216796875
12 200 14116.212890625
12 300 21834.7109375
12 400 28583.515625
1 300 17215.1953125
13 100 7449.5439453125
13 10 799.88543701171875
13 1 136.699493408203125
13 200 15063.1640625
13 300 22186.2890625
13 400 29866.400390625
1 400 23184.236328125
14 100 8085.43212890625
14 10 876.83953857421875
14 1 148.636993408203125
14 200 16942.0234375
14 300 24472.580078125
14 400 32614.59375
15 100 13785.533203125
15 10 1451.837158203125
15 1 231.1743011474609375
15 200 28247.80859375
15 300 42027.11328125
15 400 53667.953125
16 100 13425.71484375
16 10 1416.78076171875
16 1 224.7095947265625
16 200 27351.3984375
16 300 41464.328125
16 400 54167.3671875
17 100 14201.439453125
17 10 1496.910400390625
17 1 228.6007080078125
17 200 28094.408203125
17 300 40428.12890625
17 400 55662.99609375
18 100 14115.69140625
18 10 1462.4951171875
18 1 224.6837158203125
18 200 28237.6484375
18 300 41077.875
18 400 54984.01171875
19 100 13803.6435546875
19 10 1484.7672119140625
19 1 231.239166259765625
19 200 27304.759765625
19 300 41210.51171875
19 400 55206.85546875
20 100 14250.3046875
20 10 1481.915283203125
20 1 235.96697998046875
20 200 27429.357421875
20 300 41957.65234375
20 400 54720.9609375
2 100 5722.79052734375
2 10 595.90093994140625
21 100 14149.9736328125
21 10 1483.2384033203125
21 1 234.987640380859375
21 200 27555.130859375
21 300 42241.58984375
21 400 55500.24609375
2 1 81.86569976806640625
2 200 11691.7978515625
22 100 14734.95703125
22 10 1491.599365234375
22 1 241.4588775634765625
22 200 27865.88671875
22 300 42817.4375
22 400 56602.9375
2 300 17791.1953125
23 100 14432.7080078125
23 10 1532.1407470703125
23 1 244.7129974365234375
23 200 28281.6875
23 300 42276.4453125
23 400 57677.62890625
2 400 22757.845703125
24 100 14977.306640625
24 10 1554.5059814453125
24 1 246.955047607421875
24 200 28573.275390625
24 300 44880.6953125
24 400 58321.00390625
25 100 14828.173828125
25 10 1575.03076171875
25 1 265.851776123046875
25 200 29327.439453125
25 300 43445.7109375
25 400 58154.66015625
26 100 15228.4169921875
26 10 1621.1865234375
26 1 273.583892822265625
26 200 29363.798828125
26 300 44398.32421875
26 400 59825.66015625
27 100 15612.578125
27 10 1681.85205078125
27 1 285.186737060546875
27 200 30611.001953125
27 300 45187.2109375
27 400 61943.83203125
28 100 17410.943359375
28 10 1753.29052734375
28 1 305.498565673828125
28 200 32536.30078125
28 300 48819.77734375
28 400 65500.015625
29 100 21162.787109375
29 10 2235.446533203125
29 1 368.479339599609375
29 200 42065.00390625
29 300 62813.4296875
29 400 82838.359375
30 100 21081.544921875
30 10 2239.126953125
30 1 377.82122802734375
30 200 41731.00390625
30 300 63604.15625
30 400 86144.2265625
3 100 5831.6640625
3 10 585.8165283203125
31 100 21151.03125
31 10 2269.77783203125
31 1 372.585723876953125
31 200 42956.796875
31 300 64016.99609375
31 400 87444.3671875
3 1 82.43360137939453125
3 200 11526.31640625
32 100 21243.841796875
32 10 2296.199462890625
32 1 378.5050048828125
32 200 42405.4609375
32 300 63495.26953125
32 400 85326.8984375
3 300 17268.12109375
33 100 21519.947265625
33 10 2355.413818359375
33 1 381.43365478515625
33 200 42773.953125
33 300 64164.640625
33 400 85785.5703125
3 400 23206.421875
34 100 21808.72265625
34 10 2355.526611328125
34 1 380.3052978515625
34 200 43561.7265625
34 300 63797.23828125
34 400 85409.265625
35 100 21884.92578125
35 10 2408.59765625
35 1 390.0438232421875
35 200 43932.30078125
35 300 65150.046875
35 400 87918.3515625
36 100 21780.96484375
36 10 2370.9443359375
36 1 396.274169921875
36 200 43175.55859375
36 300 68008.65625
36 400 88537.3984375
37 100 22434.62890625
37 10 2361.1494140625
37 1 391.766693115234375
37 200 43017.4765625
37 300 65885.9609375
37 400 88711.3125
38 100 22441.203125
38 10 2501.472412109375
38 1 401.66241455078125
38 200 43939.41796875
38 300 68740.6015625
38 400 89882.7421875
39 100 23189.85546875
39 10 2459.059326171875
39 1 410.045166015625
39 200 44953.51953125
39 300 67190.3359375
39 400 93395.171875
40 100 22997.478515625
40 10 2453.50390625
40 1 417.33013916015625
40 200 45304.53515625
40 300 68491.1640625
40 400 90861.0625
4 100 5930.380859375
4 10 608.8238525390625
41 100 23199.935546875
41 10 2540.92578125
41 1 438.8603515625
41 200 46854.53515625
41 300 70103.1640625
41 400 93814.4453125
4 1 85.6024017333984375
4 200 11401.3203125
42 100 24424.6328125
42 10 2604.173828125
42 1 452.3525390625
42 200 47958.078125
42 300 73008.578125
42 400 96558.71875
4 300 17212.228515625
43 100 29256.537109375
43 10 3141.877685546875
43 1 500.3341064453125
43 200 56884.41015625
43 300 88438.1328125
43 400 112644.5546875
4 400 23126.45703125
44 100 29518.712890625
44 10 3154.505126953125
44 1 521.828857421875
44 200 57847.66015625
44 300 87250.2421875
44 400 114232.0703125
45 100 28884.04296875
45 10 3084.9189453125
45 1 521.53009033203125
45 200 57902.2109375
45 300 87461.0625
45 400 115432.9375
46 100 28696.0390625
46 10 3083.229248046875
46 1 516.7720947265625
46 200 59725.578125
46 300 86697.4609375
46 400 113605.1171875
47 100 29430.880859375
47 10 3204.6796875
47 1 538.4554443359375
47 200 58847.96484375
47 300 89190.5859375
47 400 116708.1796875
48 100 29834.3359375
48 10 3210.7705078125
48 1 515.28460693359375
48 200 58861.1640625
48 300 88269.1640625
48 400 116134.59375
49 100 29361.146484375
49 10 3334.115478515625
49 1 543.20263671875
49 200 58579.78515625
49 300 90404.5546875
49 400 118256.5859375
50 100 29503.828125
50 10 3359.189453125
50 1 540.64990234375
50 200 59023.0546875
50 300 89115.1484375
50 400 117121.7265625
5 100 5917.69140625
5 10 624.97528076171875
51 100 29480.138671875
51 10 3281.14453125
51 1 540.339111328125
51 200 60225.48046875
51 300 89530.0546875
51 400 119941.078125
5 1 85.25484466552734375
5 200 11797.0048828125
52 100 29624.77734375
52 10 3271.5078125
52 1 548.92376708984375
52 200 60265.87109375
52 300 89874.9921875
52 400 118444.7109375
5 300 17597.013671875
53 100 31039.455078125
53 10 3256.155517578125
53 1 559.10003662109375
53 200 61278.37890625
53 300 90957.4296875
53 400 120303.9453125
5 400 22926.458984375
54 100 31008.759765625
54 10 3381.568115234375
54 1 569.5015869140625
54 200 61561.95703125
54 300 92530.25
54 400 123975.015625
55 100 31568.6796875
55 10 3406.4365234375
55 1 581.9359130859375
55 200 62109.625
55 300 92646.484375
55 400 125076.4453125
56 100 32021.037109375
56 10 3493.6591796875
56 1 595.5484619140625
56 200 62378.75
56 300 97284.3828125
56 400 131523.453125
57 100 36414.40625
57 10 3916.90869140625
57 1 652.32305908203125
57 200 72516.5546875
57 300 107194.6796875
57 400 145361.640625
58 100 35999.29296875
58 10 3924.97314453125
58 1 649.25244140625
58 200 74164.0859375
58 300 108891.734375
58 400 144143.5625
59 100 36543.9140625
59 10 3885.76806640625
59 1 647.66925048828125
59 200 73460.40625
59 300 108413.03125
59 400 149585.671875
60 100 36700.859375
60 10 3915.97021484375
60 1 663.549560546875
60 200 73250.5390625
60 300 110154.71875
60 400 144588.71875
6 100 6054.0166015625
6 10 628.5147705078125
61 100 36369.3671875
61 10 4033.439453125
61 1 658.9847412109375
61 200 72815.1796875
61 300 110854.234375
61 400 147012.125
6 1 86.76857757568359375
6 200 12031.630859375
62 100 36737.7890625
62 10 3999.689697265625
62 1 655.437744140625
62 200 74307.78125
62 300 110394.9921875
62 400 146166.421875
6 300 18047.935546875
63 100 37280.6171875
63 10 4020.190673828125
63 1 694.7188720703125
63 200 74518.2890625
63 300 110933.375
63 400 149610.59375
6 400 23714.1640625
64 100 38091.45703125
64 10 4115.39453125
64 1 679.39019775390625
64 200 75591.71875
64 300 113158.9453125
64 400 149840.78125
65 100 37621.50390625
65 10 4189.2041015625
65 1 700.1771240234375
65 200 75216.4296875
65 300 113743.921875
65 400 153197.5
66 100 38582.19921875
66 10 4252.1015625
66 1 709.37786865234375
66 200 76831.328125
66 300 114506.796875
66 400 152425.609375
67 100 38207.125
67 10 4225.03076171875
67 1 710.3228759765625
67 200 76676.2265625
67 300 114686.8515625
67 400 151426.921875
68 100 38463.28515625
68 10 4184.5517578125
68 1 717.15887451171875
68 200 76619.203125
68 300 116854.6171875
68 400 160029.578125
69 100 39045.265625
69 10 4263.1279296875
69 1 737.5784912109375
69 200 78196.1953125
69 300 118551.5546875
69 400 155362.328125
70 100 40382.1328125
70 10 4335.73779296875
70 1 740.25836181640625
70 200 80561.5390625
70 300 119347.2890625
70 400 163210.890625
7 100 6014.724609375
7 10 638.82183837890625
71 100 45068.80859375
71 10 4614.21044921875
71 1 834.38446044921875
71 200 87536.1640625
71 300 131182.0625
71 400 174712.671875
7 1 89.4241943359375
7 200 12624.40234375
72 100 44379.83984375
72 10 4781.07470703125
72 1 788.23883056640625
72 200 90066.9609375
72 300 131796.6875
72 400 176122.15625
7 300 18221.1328125
73 100 43869.34375
73 10 4844.97607421875
73 1 802.77850341796875
73 200 90709.640625
73 300 131757.0625
73 400 174951.34375
7 400 24572.1640625
74 100 44804.87890625
74 10 4858.0556640625
74 1 800.9822998046875
74 200 90508.796875
74 300 134797.90625
74 400 178884.953125
75 100 45509.171875
75 10 4936.30810546875
75 1 832.3031005859375
75 200 89122.9140625
75 300 136938.875
75 400 177115.796875
76 100 46089.3984375
76 10 4925.37939453125
76 1 821.55255126953125
76 200 92136.703125
76 300 133944.828125
76 400 178551.4375
77 100 45560.4609375
77 10 4905.1123046875
77 1 838.43963623046875
77 200 89866.0078125
77 300 134638.578125
77 400 176907.640625
78 100 45735.48046875
78 10 4951.00732421875
78 1 823.13214111328125
78 200 92363.953125
78 300 136849.59375
78 400 186504.578125
79 100 45878.4140625
79 10 4942.8671875
79 1 837.82440185546875
79 200 90755.53125
79 300 138372.34375
79 400 181326.875
80 100 46291.3515625
80 10 5091.29248046875
80 1 839.4334716796875
80 200 90857.375
80 300 135997.796875
80 400 182584.765625
8 100 6293.18212890625
8 10 649.3795166015625
81 100 46121.72265625
81 10 5050.484375
81 1 856.13897705078125
81 200 90887.484375
81 300 135800.96875
81 400 186267.8125
8 1 92.4937591552734375
8 200 12411.443359375
82 100 47163.59765625
82 10 5076.14111328125
82 1 856.8433837890625
82 200 94234.59375
82 300 138233.15625
82 400 182054.375
8 300 18516.927734375
83 100 47076.19921875
83 10 5162.2744140625
83 1 875.06866455078125
83 200 92721.890625
83 300 141569.84375
83 400 188111.109375
8 400 24221.10546875
84 100 48165.46875
84 10 5243.6689453125
84 1 871.67822265625
84 200 94459.3515625
84 300 143336
84 400 193196.0625
85 100 50841.54296875
85 10 5452.59033203125
85 1 915.9290771484375
85 200 100518.953125
85 300 151565.03125
85 400 201570.296875
86 100 50983.02734375
86 10 5527.92529296875
86 1 917.79852294921875
86 200 102007.96875
86 300 154475.203125
86 400 205250.921875
87 100 51268.84375
87 10 5537.21435546875
87 1 920.4716796875
87 200 102681.7109375
87 300 156169.53125
87 400 208139.234375
88 100 51787.2265625
88 10 5601.380859375
88 1 932.604248046875
88 200 103277.1171875
88 300 153725.875
88 400 204204.09375
9 100 6376.73974609375
9 10 657.4833984375
9 1 95.1940765380859375
9 200 12700.984375
9 300 18982.45703125
9 400 25197.388671875
