B N exactPrice exactError eulerPrice eulerError
0 100000000 0 0 0 0
0 10000000 0 0 0 0
0 1000000 0 0 0 0
0 100000 0 0 0 0
0 10000 0 0 0 0
0 1000 0 0 0 0
0 200000000 0 0 0 0
0.25 100000000 5.9583082489716268673e-09 6.5303017206468633977e-10 5.8624274265743836091e-09 6.8266768598511959117e-10
0.25 10000000 1.09578082739708439e-09 6.1256000661558777882e-10 3.5612876890405210105e-09 1.3559591263889182114e-09
0.25 1000000 4.1091781027390798525e-09 4.1091760481495147196e-09 4.1091781027390798525e-09 4.1091760481495147196e-09
0.25 100000 0 0 0 0
0.25 10000 0 0 0 0
0.25 1000 0 0 0 0
0.25 200000000 6.2938911273619716535e-09 5.0154215568773387556e-10 6.6363226359235549549e-09 5.3537697535439543498e-10
0.25 50000000 4.6570685164375977491e-09 7.8062340103436225252e-10 5.9720055093140923169e-09 1.0481757393444554768e-09
0.25 5000000 1.6436712410956320651e-09 1.1622508481697907805e-09 5.2049589301361404611e-09 2.4348771455208960754e-09
0.25 500000 0 0 8.218356205478159705e-09 8.218347987117846111e-09
0.25 50000 0 0 0 0
0.25 5000 0 0 0 0
0 50000000 0 0 0 0
0 5000000 0 0 0 0
0 500000 0 0 0 0
0 50000 0 0 0 0
0 5000 0 0 0 0
0.5 100000000 0.082913313254094511695 2.5432282574513791661e-06 0.082922143809350881694 2.5433222383897256343e-06
0.5 10000000 0.082913561927855400358 8.0407956810884192875e-06 0.082919627759598421579 8.0379404347262338487e-06
0.5 1000000 0.082955050655488249411 2.5415953276592710214e-05 0.082912511074041989056 2.5441953208552507926e-05
0.5 100000 0.082924392077663708345 8.045442516585392498e-05 0.082721357587607111106 8.0579031669941167176e-05
0.5 10000 0.082856645428008343646 0.00025268387429834099312 0.082563524056679341023 0.00025698727040372114057
0.5 1000 0.083154697813061409506 0.00078635197289255115514 0.082871164523972459803 0.00081149302549002192211
0.5 200000000 0.082912636897075106535 1.7981689855598951687e-06 0.082921545855449974027 1.7983262264767832571e-06
0.5 50000000 0.082914296511927804145 3.59699885381974282e-06 0.082920291939752463484 3.5964382068407821481e-06
0.5 5000000 0.082925609764107427457 1.1372725637892376431e-05 0.082925745640930290103 1.1370985358635510705e-05
0.5 500000 0.08297287216091878137 3.597851827682632908e-05 0.082915006714875921778 3.5981745895244942343e-05
0.5 50000 0.083003452664359850255 0.00011363326463847922239 0.082722631432818855002 0.00011440105185411285934
0.5 5000 0.08312127649782560801 0.00035802905262672632446 0.082608451070604063671 0.0003665683608926526265
0.75 100000000 0.24671155087159163388 2.6055755586755093538e-06 0.24672733516979544754 2.6053878547896450452e-06
0.75 10000000 0.24670902676784606244 8.2381729116916141024e-06 0.24672558456404022897 8.2343540974323257471e-06
0.75 1000000 0.24671931039696540222 2.6029926018779026101e-05 0.24672508790137892554 2.6032244176421494313e-05
0.75 100000 0.24671823105284990119 8.2395331684600344444e-05 0.24657010887950733813 8.229863423891754673e-05
0.75 10000 0.24672299769944930348 0.00026087732229979049671 0.24633700890299783937 0.00025919779410009521556
0.75 1000 0.24819709685750659944 0.00083036944653221969256 0.24656164397261656762 0.00082561642617202490695
0.75 200000000 0.24671305168040022493 1.8423483489034122736e-06 0.24672512882878974705 1.8422334231810693088e-06
0.75 50000000 0.2467101827892249355 3.6851903530284615145e-06 0.2467257947621975811 3.6843663355762612858e-06
0.75 5000000 0.24672251610377607389 1.1648565439978977222e-05 0.24672529390817615758 1.1646783857942438734e-05
0.75 500000 0.24674408600147382242 3.6819550046011648473e-05 0.24672829032084619971 3.6802970955386456696e-05
0.75 50000 0.2467760334914975151 0.00011623638993274001724 0.2465666845644222116 0.00011618716463354822625
0.75 5000 0.24718788271547437185 0.00036809326864328356351 0.24665423745253201027 0.00036862352696140061967
1 100000000 0.38264172836594628757 2.4360166494456691302e-06 0.3826574664632914069 2.435692811789838001e-06
1 10000000 0.38264204648481858761 7.6996615099256606618e-06 0.38266091089964993088 7.6992533074235040304e-06
1 1000000 0.38265320673860170331 2.4332659369140247774e-05 0.38264501577691290013 2.435286549283965189e-05
1 100000 0.38263189928041285714 7.685378440032774954e-05 0.38259724521174737211 7.6954455580056138056e-05
1 10000 0.38276911843452093853 0.00024213720681695303821 0.38239216982989543414 0.00024408765984795487689
1 1000 0.38340549315003197295 0.00076527441057381174333 0.38203850656785381945 0.00075916062273196532103
1 200000000 0.38264227755760105154 1.7225406719285205509e-06 0.38265592840477452574 1.7223245083315278229e-06
1 50000000 0.38264035402393514751 3.4447297120163630057e-06 0.38265862857994981105 3.4445290549154634191e-06
1 5000000 0.38265009636471974952 1.089033938100307999e-05 0.38266017645255145929 1.0890426193303465215e-05
1 500000 0.38267623457268562515 3.4410434337024704149e-05 0.38266578630250036586 3.4419045844351783099e-05
1 50000 0.3827169592671428866 0.00010856072425391937418 0.3825636595293862019 0.00010892872337384705355
1 5000 0.38333810262914863598 0.00034056717886013054396 0.38268392147519392221 0.00034535553956376816584
1.5 100000000 0.56632060931285288508 1.7809232466645896845e-06 0.56631288277046853974 1.780679699543042035e-06
1.5 10000000 0.56632873771914782335 5.6302325414977115743e-06 0.56631884309222313423 5.6303681038809120802e-06
1.5 1000000 0.56635762167992065308 1.7799865739338738589e-05 0.56629975623388151273 1.7816263184625955084e-05
1.5 100000 0.56626065877394660131 5.6280142463130244511e-05 0.56630407908922897331 5.6476371928191965654e-05
1.5 10000 0.56637870176356808205 0.00017796225534900971975 0.56610667417316540284 0.00017805936874544725989
1.5 1000 0.56747201708412575716 0.00055680396726369646779 0.56604476255644120553 0.00057559056952271561887
1.5 200000000 0.56632046673806002435 1.2593191312887622145e-06 0.56631289018753183662 1.2591583645134308225e-06
1.5 50000000 0.56632148055449438306 2.5181980494501284492e-06 0.56631315470218646091 2.518194230417709974e-06
1.5 5000000 0.56633063369392233621 7.9611175608298340064e-06 0.56631258837525888516 7.9627562332324150089e-06
1.5 500000 0.56636002417938635656 2.5191891090969085971e-05 0.56630599670568604331 2.5179646239818803026e-05
1.5 50000 0.56637568836630491909 7.9326921576607634904e-05 0.5663038599330662004 7.995213923267791413e-05
1.5 5000 0.56663210107992045828 0.00025163040411222504849 0.56625460458488574567 0.0002535038294299211503
2 100000000 0.65443061581684047745 1.0908523069570777782e-06 0.65438471879033710543 1.0912021147525333684e-06
2 10000000 0.65443666895121854754 3.4492439143886612778e-06 0.65438896002371893523 3.4497216773487001161e-06
2 1000000 0.65445010788124025058 1.0893090833620482167e-05 0.65438155309321943687 1.0907738548356747671e-05
2 100000 0.65440504937362098392 3.4520783478300785948e-05 0.65439948828591976149 3.4558324011035487214e-05
2 10000 0.65440606297093772969 0.00010932473154167658572 0.65445263365610095718 0.00011025611965466895444
2 1000 0.65496737669971338835 0.00034242527351002500103 0.65442222573808328523 0.00035045136952524145665
2 200000000 0.65443084714989807615 7.7134995378672724211e-07 0.65438573796926435833 7.7165260813038504086e-07
2 50000000 0.65443086172375952714 1.5427689393470522214e-06 0.65438528052868083495 1.5431408750060647927e-06
2 5000000 0.65444000313834516103 4.8781186470476349334e-06 0.65438744291516992568 4.8800995990055573881e-06
2 500000 0.65445827692731273206 1.5404779917308483657e-05 0.65439479834398095459 1.5441294330558437225e-05
2 50000 0.65443619694364318917 4.8901317917697408163e-05 0.65446402977666062739 4.8872318384658490432e-05
2 5000 0.65454330951950778772 0.00015383238462631927917 0.65451591499882144642 0.00015755992406306246483
3 100000000 0.69723000559541259413 2.7206206333502554679e-07 0.69719134736553800558 2.7376965559002214885e-07
3 10000000 0.69723009569594818213 8.5948130262062911595e-07 0.69719210716622137536 8.6493251538872128091e-07
3 1000000 0.69723197194668218302 2.7123389252451782576e-06 0.69718920362098002474 2.7369714088202817958e-06
3 100000 0.69722273999323869376 8.5820169982911127213e-06 0.69718712711634289736 8.6753236150805413795e-06
3 10000 0.69724999754117389372 2.7011457566205095561e-05 0.69716452663663697198 2.764553403316305887e-05
3 1000 0.6970700155403760645 8.843229631864373138e-05 0.69724534047275887882 8.626447135566900023e-05
3 200000000 0.69722995927804420901 1.9228745802303987882e-07 0.69719120664665357179 1.9363649097126333056e-07
3 50000000 0.69723021560177000921 3.8476787844777274661e-07 0.69719150035019739065 3.8749173762146302965e-07
3 5000000 0.69723178018501941189 1.2143134780480182342e-06 0.69719184938377654071 1.2233616203385001118e-06
3 500000 0.69722810384034106246 3.8389725662790149971e-06 0.69718823933383966551 3.8688498806975483735e-06
3 50000 0.69722917770551129379 1.2116563899074154109e-05 0.69718649704228374819 1.2264657585374136414e-05
3 5000 0.69722068540420201188 3.8727733517603709756e-05 0.6971730189382091547 3.8872410292882856025e-05
4 100000000 0.69986665290376481874 4.4340244802857323978e-08 0.69986122477543089015 4.4979995951966139793e-08
4 10000000 0.69986667640828637005 1.3442676216507176617e-07 0.69986117860193408635 1.3759140766190624527e-07
4 1000000 0.69986624823199827805 4.1772221753673317997e-07 0.69986137474677256876 4.3399661549161077384e-07
4 100000 0.69986666736813096801 1.319081659988743531e-06 0.6998602022612449014 1.384732118743894926e-06
4 10000 0.6998659003213539842 4.2485757750905988266e-06 0.6998595995815966031 4.4375335673904802572e-06
4 1000 0.69986151719816558359 1.352496083975853921e-05 0.69986151719816569461 1.3524960831549841275e-05
4 200000000 0.69986662164654611651 3.0673999874989941605e-08 0.69986121122870581512 3.2367550937337642286e-08
4 50000000 0.69986673045764746792 6.3075099844728517158e-08 0.69986113331878541111 6.5798000520975559744e-08
4 5000000 0.69986663065941179251 1.8638522120268745895e-07 0.6998610662843552932 1.9519876817427203134e-07
4 500000 0.69986605373090549076 5.9246969160040564773e-07 0.69986061317910608359 6.1705634114821806969e-07
4 50000 0.69986787272705874852 1.8501188512776671017e-06 0.69986129804209329386 1.9452422272849177417e-06
4 5000 0.69986590032152928842 5.8565909132913737599e-06 0.69985987352697864861 6.2161576999703057372e-06
